$ANSIBLE_VAULT;1.1;AES256
62383437666366633936663133633436646536353365663838343639356666393337373535346330
3636313466323136326666386466323533356263373032610a303533386637313033373365306138
61336436623637373735653938623131346137396662333862633332313935383536393838336639
3432343562383936610a383661313963633836646564643662303661313465353565626463646263
38393337623662373266656662656637366330373433333065623939653636326231363330623130
32393266333835376361356665663732346564646462303932613461396130353039326365333061
61613036663031633930633964383164356665316434343931666436626361333765316430643438
31626264633263363064633739396635616132633234366638343436353135363365633438636332
66303433346336646665643666333234386366306630663534323235623563613235636264396636
33386132633963376431316439336435633064666439356466643635313165396666633935376138
33376435643139643764383265613930396163313230656664653035373837333836663438636561
33653131396164326262326234336464306539306461303235353430653466326138353838303036
38656561373665316433303635346436653033336262343933373339363431646335656263383038
34393530323633396366643730333765366333646635653465663265303137363865636662336134
31313839306239633266616430363133643030343237353639356534663139396130386330343838
64306362656361656466373666646334643431386338343830633532303337363336653734666430
35303335313833663139363038663866663034653233393430376436393039386366373436666334
35613166396638353739323166383534636235623663376462666366623839373762646361326635
64663332346130633937616234313233646638616362643031366231336361616336653466376532
32323762386633373832643130643437333666623532326231393538363061363239356362643164
63363231666363643466666266306535386663306661666264373661626237656263333230313436
33633366393162333139346136326230363131653263316139373739353138303765303536386362
31646333636666333931636265303063363665343031363239643233336533663532336239316532
33376133333838623161636637663538303034666435353365346433616662343366616265306336
35646161383031646365373431316162656431383464613463643430373265646664313038393566
39303833326661346638353562323466336336393234626565306438393566376435653732373436
33303362353136643563323137376330393532623631653434366361396138303934346430663735
37643437613164366163323064313639613764343864373434363136663363303737303539363562
32633435643034383232666134373762306638316132386436383738363739353332343464396336
35323632666335636365326566393866656266653461346263333833656638643361666663346339
63626636366366333161396636363533383565366634353565613331353834643338303230393261
37313139316132313064303739656431633139383533613437663137323830383565616439363535
36613936616631613239623431386531666661663531646235306233333031313331613236366262
62393934303132643734636331616534303431623330633864666263356231636561643238303265
65663666396236396634326531663664336635666231346337653138323365356162323063663030
61653963353161353039633331656234353865633161623862316130373264323138363131333234
35626637303435643138396133623464346663366665386330663966393066623265343037613838
30313863323230316366386466633464313637316438613061396365363036626335636666316365
34626334366631656461396566333230383536623039383335343261653664356536623932636538
61646138383831313936363865396439316238663864393866363965373435306332663033333936
62316161616239333762353661643333656665376665333235666165633133343131653565326666
38323464623834393566653165623439323734313630636366613139313236643463633335353365
37373530353033313332663838393935636630383531376635623462303865303938623765646330
33663164623538653563316131353130363038613135636138656232313334386465663465623962
30356230356333623365656264383039336364356639306363623831316362303539333730336330
31663933623738373234333538333334653766356261616566333965656461613162343766303134
65643735313461303030333930323166366431666366346139616435366130323835626532633364
38383531646261626239663264323132633132396532366639326330383338646536643566613530
64653939353236313233396465313136356462636234386330343762616665383566363963303762
39653136613137303561636638343737353135663662633432333662363861613737613031386262
34643164306437396537343162366666653235323431636434366364633066376139343532353262
30373236333831363836306261626436343535396133363236336339326133666530373130386136
37666337653036373063386636366433346566383665666137323763636537363130393135373035
66383362376661333835663062316633326536376434376637303938306466663262636534393433
37666166366561346231336334336362306330373266333634633435373033333238656466633434
66666133383065383034323239343333313336343439343134633430336562373034653333656662
30666134343139616439643662626239346632383064363637306238396230306638616137303732
30383064383135626335373038376562383666323130646566343838333834356466343333333264
36646534633934626338346335633032363861303337643132633232336632333532343364376163
62326366323862326638333764313038626231653035393831616231313330643362366531316566
64386666303561326435343238613433653730363064653739636435613533616434613831346339
30616566636461363138306465393264393233386138353032363134343733366338616261353934
61346238623733393635626531653861666461353231353236373132386638643233333563376362
33303663343337666434616366666666333331343433353931303530396131346365343931323938
36323033663861393966623530663765613165633930613761303565343762623135356461353730
39383432653936636431363232353032653231343165626363343366383063343137323736303531
39393132636461316565373138643530616164666163306631393365653864386535306461383934
38623532323137373239616165636132633439666339383538653866336637323932626433656239
36373263396466653336376162313937366435623563666135313630396335386561633130383963
35643263313761313534633438326438383963666566363762643666326431366632393339383166
35653936353138636539663035373337316134626637623866333730346437643564303534633939
30636334343637383636343761356138313531323731373863616664666365313036313632653366
36633566313231663666323763363564643334313966626631303531376465356564343135383936
34643335313261643736303738323139653838383264306564643639346236386230643839663765
31306466663337636537373033316139393734306662633562386532306632626464643966666661
63373861353533383936373135386633373437633363306162633966323663383931613464366336
66363836623234663136666237393230356434653735376332643935306630623664356662666661
30643639613666663364646239383238353837666362613138663365373230646461646231393930
65363461393431353465393331636566313439343139666632623632373766333733366261346234
64663135633831653830313161303562323337653531326539366233633534646130316333383634
31663337353338313939343435363562646138643561636632373464623633623531396135326564
35383534626465313163633138646630653930623831663835383737353632336261386463373632
30393462613366323237666536316464303032373833366262353935353838303764313338396662
37626338656461353538653432343238363435613835383237626366653365373561313533353539
34376337333036383539326435336538373861376265336563393838363735306137316632373837
38653536383061623365383732663766336237383833623462303031313631663333323163336132
64613237366131356339366637636231316439353235626163663361356564623037633935303030
39393638646165363934306638303735636163663830646536306563326664363439336535363532
37353233643561633361656463616330373831366362353133653030306166343636656566313232
63313566623662666662303263306533376239633239613239613533376235373535613165333139
62623639343532346566366135366439656263326262346637353631306634373562353637343635
31383831303037393236643532353335313437326462633939383764393963386465363030376532
61333264343537633462613365323565333061386462623231646538653733303431313463373064
38623462386131326237306665383237376538353664303164333235353038383539353037653337
66626539343337333635636234393435623564383338623839343036316536366336326534373264
34343866356435623639623466376635323565353139613331306630363765303266643165326265
61333030353061616164393966353831646564333261386566323365396336396633343139323537
31663463363262623762353666316635333965323932643264303065393230646531613231313836
65396366336563633239653935666463636138613163323030393033653362653461343866343234
39626464623331373131303333633033376531333962653633346430643837306137613862396562
64626261626235316563636666306238363231366262656430393566316434653234666138386461
38393062646539376234653835316330313364623938363230366662653134373339333430656435
63353965656364323664383161303961363463636430326334356561346262626661363731303931
65613665303965623439373065336631306432313436393361653534646135626630383061383161
39313932613839313535333934353665376439373164363737633831353933663434366165343761
36663533336266633938643339356437353230653831376463306636633933373138386235353633
65346132333532316235666337363136346233663561616637323830316137386233303733656565
65666364653334366136303563643562336265366565636434386133346264363633653430613738
64336538333236623936656361643663363366663734643430336638313163363434326463333237
39326337343435623831373431396636616234656166633862376131393538366439306566653363
63396466383330373331323132633033653638623666376465313630626234633632343762656538
66313661646664356337386535326230643131323561643139636263623564666162346263623137
33346132316662636466366663396331636663373665313439383861616631353662623635356238
35363338303039333362353433643436356362666333383534663233633837396634373165623533
36656632643932383465626161656161346235346530666364306130383561326333643466646139
36356164613230336161356363653738373435353138366135313263326437653638303236393736
31653864373765313933626338303836636634393833323935633230323263623633323331396562
32616638323034613436356531623331386265333833666162616361326339353362346439356530
36613630363638326132343230636135633435643831646437653162323666326164356665376236
30343735366461343162326565376437386435643831666661613362366237393130323436643732
61653366656536626134366432656135383539343932316161316363343865616161343061616461
63643239343833393830303233376537643662393734373331393037626232623633306530633837
39666236643930366465326462663538363731346634353861343334373039386235653663323938
64333533343039633739396335383131653464303765396262353132383261643838373230383032
32343837373736633966363264303237663630323566626562373261306234313530313338383234
37626639613637663062373061303438336531323533383238373334373031393361313739663965
32613237313230346265613763346435326435353236313464336636393064633230333166663063
65373633646337316633303365316335643066316536646237663539363964376534663935323236
63373264353430616164333261303335386431396139303832333237633339623131646431353832
32363062613265386638656466346332653333663461663366353935306562666432643234623166
31383166613135663065383264623231643737653562636666376137656261346331623264633565
34663332303062663437613539323366616633343631633931616533333839393164363533666464
65633032656565373232623631343334653061393839336264336433303462366531633662613135
61393633656534316465663162666535343862623265373531656137613236666662663633383663
34346662313565313061303632303434623630643532633338306663626435626637363363383637
66653531396236323234383731646266326562373839633434373665393361353032386137346435
65303738373862393533383763636161323035316530623361323366313864313737363639303862
30363261313862323330383263383030626636623033623862653665376163306563333631373332
65313662396662393730396232366637326433306166393364323465316430383633396130373731
63626463633934333130653635373163323534333132643731386662646439346362376638373837
30323230653436613266363963663863373839376531633131363937386465376238306663363461
64663131376461626633363830663632326638373132353633383833356661643539323164666465
39343430316539663637366232303930363666336464313233663931316164373936373366623765
61393230393238613564376133623164316263336362356165613161303835626236646538386462
34363237336135346331376166393063313637363430613863636463353634333832656530396136
33626436613032633738613833616664626563626166396664656237346263366338666630383433
33303630363130316137356664306363663135323862393736613863323238383862383933376435
33616337336134353637343539323736346534323862323538366663653037353331323766353937
38643939626663616337306664363637396264383465313561346431393732386462646639343361
35623938666131313232386462613265646535623732353134313430613062323262313234366166
32333633626339336264326631616465356638636137336436316265313361613937363063336662
36353735326638396664623831643831356533363732306266303666386361393939636665313738
37643837653562346561376233303062616235613536386265663237373437626637376164333462
66303238303537626234323866333339663365376561306131623163663339663734326364633532
64306139666139343665656133613836346330386662343838396135376630313863636539383731
65643337383333613165663931643964626363643739633431316336633735373764313964333761
34343363316439336631663539636161373231303936383732386438616639633331363165616462
32353165396630643336326166313562396530353035316437646430666264393037366661333065
31633437336163336462663938646165303461663439376462386136353834383363343939343334
36333065643837366231313865623761356666613837326433336230333831313036613332326563
37663662353930393139363135346533313231663064376637356334396435393861663534303934
66613562303135393538366264376234353735333262393837383634346230613862313031393362
31623063383432333538356630643531353361313565396234356535626539326365666438643838
33396533656664383832373863313339656364646532653030343336613164623931303131653631
62353761353033376631386162653138633236363165313131303831353365616430646261366432
30616439316166336466666266353139336664323634626539616332633231623863333065613663
62373261323634383739316535306632623163313666656363373633383836326636666262343430
65393735316638613032373332326135396439656632626631643036663562373732656234653336
33623033383764663463633861383134313432613561393762333932623561666266313732313838
37653763616130306530653065643634376565653561366331366539386536363061303165303739
39333961336131663335656438636366633439363866376530373338636331343132393432353661
65343264306433386335643962343538656162373830633839366361306237303039656139363961
63343463663332386631383830393239626130396134363636376661376165346363
