$ANSIBLE_VAULT;1.1;AES256
61613863363464313137623636616661656163336366623538613564393636643836313137633738
3963643666653739316365636366306365326265613265330a393539343838653035333130643464
64636339636634633338303862393465646335323530633432383531303731343234353931623165
3738376431363930340a306234336262333636333066346462613338626435396334356234326438
64343830623863393834633761326538333132303237373663353166636662623633316663363464
36613937366230396262613136633335633535313263323264333038643939316266393631616431
66393461346235636466363464323461636635393465653864346136393862356236373034366230
65393463383632303030643466303836306665393330316534386262383330643635626537623837
62373761663262363933363837373862643164363531343035323561626131383063393032376130
32623332633131333962303038656438343235396239356466376664616666653835356364303538
30303462616561386563386165643632613139626534666336356564393434623639656331353032
32333164646565633837363931613364653565363863363066333533653633316164323635353537
66396362623539353463376361633031386162323036373963323831623337303465326464366166
65313239323035376335613333376664643034653032613532643964306165633238353338386437
63363738303962323031666432326532353831656633366131363366383662623561623735333664
66313563346263656166303764613063393834323739663562646136613337633035666164646461
62393864376131633936306264356232656266633537373338333132613832346466393633616136
31653233313761653162666439363761643739626430343830666635653165323133656264383433
38313165636233373132346436616466306236623434643763663532656430653061653839326165
64653032373264363362326237633362356339396465366161666263346366323130316563623261
62663431633661313561363630373636376535653064663632633761303934353736396564373064
65353361333739643035393365663939366364346163333363373339656336336639363038393563
37323337366535643061653166623938376364653664656231656438303965643338643733383166
35356238376461313332373165626361383064616362663938333362626263323066353739303032
61613731356661326566346366666638326437343330636366343236623764656336303661626661
61323233383063633835646434666235373563613039323333633163316162313164323431393564
63623663336531376231666363633732653966356136666365343963663333396233366638343831
35636136626566326534363237623237393137383131393133346166393133623166666330636632
32633836343736396362326639646562363739343665616338326433316232636535656265653963
64656331666662306635653635663933373061396435363738353961386239393330326530396365
64383834336536643035326265393237623231313838626131353939616538393764633531376365
63373130346465343737656237346132323339373934333937613163623933643363346463363033
61313038353734363765366236373630656162316661323662353364396663663065626365623365
38366235303237393433353263633035623536613936353536303263623663396565353664663638
32643439636564616636356636303630366666613433366235666232316263303665313834373563
39643666353136656537623763313565393033636637313863613066376234353064346337326634
66373339643265343563656536663739653734643837353564333639626635643363343530613734
39336531346537646231333462383765326431666135326636626236326235653233373139303838
65356530343436623237353930346535323963333763633461396662326162323938353063613234
32373661373964623030396466336532383862333863623538623833316163626433333864323438
34363239316539316139366432366239376238303032613739366566366337663239333033336264
38326663373332663236333633616566643139386339666266353836363431633932616566313031
66643730393539343936383833323162333439653531656162376134363931613139623765646665
61323061333634376661623036343633373238343139366333376166366638313830613738336666
63663664303063363238343632376532323536386462393364386531623662386636636362616331
64616531323638333130393462376536396562353833666562616165363665653865366635623532
38653133376536306562376137646563613538393830396566313837366133343363663332336436
38353662613765383030343162326166323161343566656562636333383331353736383066393733
31386365666461626432666639346661383731633232356439356637663633653437396435646361
62346333353132613466353562383063633365643533306261323661366432616531623066656564
38396562343062663539636366303666313532653262356337376231373865303836393835353663
63383031386131616134643230303366626533336464316363326137333562343035366233323962
38333638376264393265306433333338336361346462373136313066346434353637626163313462
36323133633561363532353561363034613366303665633433363133306664636335646136386133
33623235396163666636363534373466336164303836363735343835623037383938633232666333
39666662643464393039633066393535643233646437353534643230303962393861656539623834
39356534383630313634626664646433363564343861373837643938356139343365323661376634
30363630613165323332393265653962363830343035363230626564613730333265366634623961
31613365613736396563373130636231333766633164366334343966303734323865616463306435
61373663386632616333616536363734313164346566326363383465616338336366313464356230
66623938303463393833356130373563306338356236376234343865616465353532323165323663
38613637303266646537306366663933316134633634663966646365323330313136336235373035
62643435343037343036316162653932383038343662646335653432313031643635316130303364
35383233346361663636656337353633386232636135373330343266643733356165663933636366
39303931306165313038333137613030623338643765383561346138613436323638663130663132
37376535333836393664366637376136666133363164613662373430613964363238333664633331
38346365326238333931336562613935623362366637383162323434346239303666373433313066
62663532663162363264313430376132393135343365386139643035643531653238323363313335
36303464636462666632376637633434623439383033393134386361363865366464626334336630
38306464353362623139333661663461666235623234316661643265316165626662313164653836
66633164393631643331343830626661646137326433366662303165626436303034613131616639
65633132393530356630656637346537353961346132643630613337636466633031316434616664
34646365643435613362643938313433333130326637376530663835396565633661646639636633
39306233336536363634336434303236663562323664353062613439623339366534333965383130
66396334373464633439363364613938363333333734376535626338616236656231373338623363
66643066353665636265373439316263323234323835333962653261663736343130303438376665
62636230633465393262373365643138306430653230313834363138623432626331346338663163
33303932393664363461303264663833383131656633386261666661353765653138666632336230
36666538343639623833646437666130373963386333653733383331396333643564333736316265
32333430343339333261363137386635376635636266386131323465653064333763386338666137
39333362643966363834616266326231323236653435666633653233383361323431623666333564
36383335316532336433383262613732353731363637623461643034643862373062393464313261
38353037336662323330643739643939306230346239306232313630306233363630366334333163
36663761356232636535336435666362396638373739346232643037663861336465353536373937
36303538356231323166316566663733383138356562336461613432336166373661613462363632
31363165613732303836613565656437643233373335643231393938386631303762343630386266
62396265366135323433663932393337353936636133383131666432346666393564313630666639
64666138326463656232353039333235313833343363343766303638653763353130386635646633
32623931633139363631643438313962643637373836373266313637393263393737646230366132
31623533336563646165303731626262323164653939393032633362306234646234663330623562
66633333643336656361653137616130393838303439303639356136663936646639376137383030
31333236643938616435613034303336623465323833666130316363653566393565323935666661
33373039636136376138633331623561626630616162383437366233616633666131336337393864
33373831376364616632313039346161626362636565326435653530346634646233653463343962
62353331333439633732333535313834313462376130623633383663616634656365376636633436
62323565306565396137316130653039326232336662353335633038633435633861383930663866
36326266333764363031326662326262646539626366613131633937386664386262653738383531
38356466333863386333666136393832326430353939326361356162616463653733663264376433
30623838653138323233303835316631333438613031366531333433313666333632616437323638
34303962316565666661353762666130643837343938616332623737663566616664353438346536
30333537363866643939613662623334653165353865663234323933373133343431383433313231
64656165656637663236616238666434343636386630326137373038363730363536316436643032
36646632363238346336653964663937653032336364333137356465383862633938646639623837
66323431343562353162313262636639643763666562303636323633616266353664323732663032
33333635623634363134666531326463343330343265613435323831633162653639666432366132
37326466636163623432653364323137366434623462323037663761363562393065626339336235
31633161306331323462636662366239386230303332323732303438653665616135383935633930
63663737616666313333313762363862333566633861653863663934646162363633366364373239
32353638306231313131396236336135386461383265373932663262623062386634356131303039
33626430323363373536376134643938363632393062363337366461333330313730623963666630
31643332323865373031616364623637376539316438613563666133653133646163323231373766
33396538373133613938393639376530303430303761636365656666306664393037316265616234
63626365616631663937303135393665313634363231373734343461633165353335666238376232
35636233346535336661643739383261313330623862326236666463643162303763663163356561
32663935313732303734363833643031613237363765633464663863316534326461363735393165
36636139653461363535363633373438336338393464646637376637633764393764656635383235
36616332396561616132333338306564636666313765313936313631376332326439663864383439
62646336633262636133623463363264356361303335616163653933633832373438366337636532
33313130333237313461363736393366653533393838316637346263373165313333393932333664
32646165383232646633356630663333303839383531343836626537313237653938333964313536
35643132343932336435653835363331336335613062356434653733363065393864633061626536
39353464656238336639386436623237396664376532323632323831373332393564383839323034
34346664653035383932646336643931373731393763363230396664353436316232616439333638
66303561396261316332316566313933386531313266636531653564353564643266643136353632
36646133656139323130343864383364313932616139356532303937376164336433363337383236
65346238636234386633623261363531383935326537356465373130613333666437326139633634
63373336623534393537326234643366366561656236353864303437613033366239336462646634
34303132353762383435363462363863316338656665393734626364303632633166636462363733
63626530393734323466396665656339373964646331383465666439313735613834373064653032
65316236643632663138366335333030666234653762303361303765643366373139613734666638
62336337393364663638343933313332643538333464653837643566326561623537653265373966
32366664666364393632363131303039313235356366336661653935373131363361306538363930
63326266363866616635653539613039666466666234323962303665663933383136303564303264
66663331383666666261643761366466633330626261656264313561316233363662373466613737
61633637316331613739363931336639313130303331303133613338386364376136326361633761
66643532386233366663333666656664653830333234383561363264373036656338313261333761
32643064373162626135393633663530663631353634646166393634383463336330643138623761
34666462663534396266663438386663323538396632636561653961306363333866353838653165
65323762373834386634313035353762306632626439366530306237356637343566356635303230
34366663633939323063383432653866373662616635336563353865316237343732363464396563
39623165386538383938353463396465616166313133616265643262353765623131633733386337
31356433343736356166656662643032373035346638373038326137313537326363313934643630
64313263313562303164393431393638393565343930396331306530356432666561343161306130
66326465636632663438333936656133386635396337656431633234666533323765636231333135
39366533346131336137346639343264353535653139306237613230323263643335636663306538
32363461633364663632313062613134393161303339373939333665643439343862663734613236
31653130393430613231363735643764333932323632653334323733383333663962303466636331
61323834353430616535346664616161646237343838363865366133623538396533393130653730
39386265613834346464323530316536303466303831383835303162313939393265313163353064
39663337666431616136613261303366373265616231396565303961303332303531353662373865
33353764663861616539396437313436613961613238653131336532323066666437316363336463
66663033363833313437643135363939666431616635373639623232376565653030353637346532
31376265356634623062366538393333323765333565643433633763666239353763616537326563
34663238616332623738336433303539393939333632666465316263396539303863303934343264
38353736653833636563386465323563326138386333623662313133663064653232323464363663
38616464613733396435376632363031336566303961336239616565383761323462653264663839
36616132306337646436626337326439346562383333376365643634353438386137653734343262
62643766336363613166393364653032386436346530336164386563656137366331326566636538
66363564323639633362613437633665623865616433313565626330666430386434313166363431
35616132613631663430316439336365366236393464356537396434326536323362303330653964
39386434313035303035396666633162666138393031393066643836346462333830663163363864
62343835336134626362653534663261386366623063313835353330366135346434623732656363
66333738323731313339323365613535323938386562643536653035316532393633303235363339
30363531616335653631623330623862393637613838303461363863313032303561656630326564
62633432316637316366373034613663393338643465623638356561633538323639333265353931
32373065613133666264623865343738316135663965393932626666353030656431346565376332
36666532363537363634666337653062636138393532373933616330383338326136656234356236
35363763613439383737383333653137343562373338386237353936613039363463396161396232
61613665633839663535313766633065323666653364323333366630366461626137313437336637
31383132336131346534353734393839343365336263653334613864343937653465303032346362
62393332353435376333313964636334323362393265326164663234653435323134366664383965
64366166363861366138356331313632333534613931653330633836396433383831613430303963
33363330323462343832653062333561613438646633626264343635613538343138
